Leaky ReLU:
Fprop: [ 1.5   -0.033 -0.033  4.6   -0.049 -0.015]
Bprop: [[ 5.   0.1 -0.1 -5.   0.   0.1]]
ELU:
Fprop: [ 1.5        -0.96311683 -0.96311683  4.6        -0.99255342 -0.77686984]
Bprop: [[ 5.          0.36883167 -0.36883167 -5.          0.          2.2313016 ]]
SELU:
Fprop: [ 1.57605    -1.69329067 -1.69329067  4.83322    -1.7450442  -1.36584307]
Bprop: [[ 5.2535      0.64845636 -0.64845636 -5.2535      0.          3.92293236]]
